rounds: 1-10, mean reward: 32.035000
rounds: 11-20, mean reward: 23.415000
rounds: 21-30, mean reward: 18.680000
rounds: 31-40, mean reward: 26.040000
